board_config:
  marker_length: 18.214285714285715
  square_length: 24.285714285714285
  squares_x: 7
  squares_y: 5
camera_matrix:
- - 2469.222456397768
  - 0.0
  - 431.6097373933607
- - 0.0
  - 2399.837443295677
  - 417.1918016191779
- - 0.0
  - 0.0
  - 1.0
dist_coeff:
- - -1.0753477460575134
  - -21.267231422192022
  - -0.08690691302712052
  - -0.03889843951542796
  - 322.8385403130436
reprojection_error: 0.4552667016564346
